21
17
56
34
0
46
19
32
83
70
80
9
10
87
24
81
1
34
33
30
18
72
11
8
18
52
100
2
24
7
5
30
93
41
6
4
91
61
6
16
13
82
49
16
90
57
58
20
76
62
75
86
48
39
74
84
47
73
49
98
19
34
96
87
82
79
89
1
31
69
44
17
80
24
32
45
93
39
85
62
62
19
66
14
49
34
85
37
93
39
73
68
43
100
7
84
10
89
36
27
37
63
16
44
85
7
42
41
33
35
98
13
25
73
18
60
0
97
61
98
53
25
36
100
86
74
81
6
73
49
7
71
94
70
33
70
44
51
33
75
42
82
76
51
89
91
100
18
18
7
60
47
83
19
34
16
20
93
81
54
26
33
84
54
13
50
82
62
3
71
49
29
2
27
85
90
13
40
38
24
15
82
20
79
56
46
0
85
40
29
46
93
83
31
43
47
25
25
27
64
81
95
18
21
46
40
51
20
91
80
83
19
66
82
32
100
0
39
94
47
22
37
40
30
69
7
43
5
83
37
8
6
62
4
16
88
40
37
99
83
88
30
53
78
66
88
6
37
16
48
69
100
84
72
33
37
75
84
25
16
71
97
100
14
85
72
64
29
75
45
26
57
79
48
59
75
17
80
92
45
28
33
76
48
94
100
1
12
24
60
33
63
76
94
56
63
95
85
94
27


