65
51
90
78
4
80
53
76
27
14
24
3
54
21
68
25
5
78
77
74
52
16
55
2
52
96
544
6
68
1
9
74
37
85
0
8
35
05
0
50
57
26
83
50
34
91
92
64
10
06
19
20
82
73
18
28
81
17
83
32
53
78
30
21
26
13
23
5
75
03
88
51
24
68
76
89
37
73
29
06
06
53
00
58
83
78
29
71
37
73
17
02
87
544
1
28
54
23
70
61
71
07
50
88
29
1
86
85
77
79
32
57
69
17
52
04
4
31
05
32
97
69
70
544
20
18
25
0
17
83
1
15
38
14
77
14
88
95
77
19
86
26
10
95
23
35
544
52
52
1
04
81
27
53
78
50
64
37
25
98
60
77
28
98
57
94
26
06
7
15
83
63
6
61
29
34
57
84
72
68
59
26
64
13
90
80
4
29
84
63
80
37
27
75
87
81
69
69
61
08
25
39
52
65
80
84
95
64
35
24
27
53
00
26
76
544
4
73
38
81
66
71
84
74
03
1
87
9
27
71
2
0
06
8
50
22
84
71
33
27
22
74
97
12
00
22
0
71
50
82
03
544
28
16
77
71
19
28
69
50
15
31
544
58
29
16
08
63
19
89
60
91
13
82
93
19
51
24
36
89
62
77
10
82
38
544
5
56
68
04
77
07
10
38
90
07
39
29
38
61

